2 7923 2 4 0 0 0 18 1 0 0 1015502687
1 1914 4291 0 0 -1 0 17 -10 18 1 1015499518
1 18013 0 5 0 0 0 26 10 0 0 1015387147
1 18014 0 0 0 0 0 0 0 0 0 1015387144
1 18002 8 3 0 0 0 1 -1 3 1 1015387142
1 18001 640 4 0 0 0 18 1 4 -1 1015387140
2 6521 0 1000 0 0 0 0 0 0 0 1015500967
1 17003 4098 6 0 0 0 13 20 5 2 1015382702
1 4216 4099 4 0 0 0 18 -2 19 3 1015502458
1 4223 6784 5 0 0 0 18 2 19 2 1015339953
1 15032 1 5 0 0 0 23 -2 24 -2 1015329767
1 18011 1024 6 0 0 0 5 1 0 0 1015499163
2 4221 0 500 1 -1 0 0 0 0 0 1015326063
1 1455 0 169 0 0 0 0 0 0 0 1015326041
1 9510 4097 0 4 5 3 17 -5 19 3 1015400934
1 5108 4161 5 0 0 0 18 1 19 1 1015324212
1 3085 0 6 0 0 0 0 0 0 0 1015241376
1 3070 0 6 0 0 0 0 0 0 0 1015241376
1 7190 4160 0 0 14 0 17 -10 18 2 1015241365
1 9526 4097 3 0 0 0 5 2 18 3 1015238042
2 2129 4160 3 0 0 0 14 25 2 2 1015340049
1 9517 4096 6 0 0 0 19 1 17 -2 1015421130
3 2319 65 0 0 -1 0 18 1 19 1 1015500198
2 17009 162 0 0 0 0 24 -2 19 1 1015382704
2 2222 4096 9 0 0 0 1 1 0 0 1015472851
2 9528 4195 0 0 0 0 17 -8 19 1 1015252024
2 3080 0 6 0 0 0 0 0 0 0 1015431077
2 1305 0 0 1 16 11 0 0 0 0 1015241380
2 14018 1 8 0 0 0 2 1 18 1 1015296502
2 1302 4161 7 0 0 0 12 20 18 2 1015314944
2 2130 4097 4 0 0 0 18 2 19 1 1015340050
1 2123 4160 0 0 0 0 5 2 19 2 1015499521
2 2320 4288 0 0 0 0 17 -9 0 0 1015295638
2 9523 4097 9 0 0 0 17 -3 19 2 1015430052
1 4218 4128 9 0 0 0 18 -2 1 -1 1015431069
1 2209 6146 0 5 5 3 18 2 19 3 1015318484
1 2262 4096 10 0 0 0 5 1 1 1 1015252058
2 2318 4674 9 0 0 0 18 1 19 1 1015500196
1 2127 4674 10 0 0 0 18 1 0 0 1015256762
1 2126 514 4 0 0 0 12 10 4 -1 1015287405
1 2125 193 5 0 0 0 1 -10 2 -8 1015287406
1 2124 4161 0 2 8 3 18 2 19 2 1015287408
1 2127 4610 10 0 0 0 0 0 0 0 1015287409
2 2121 4161 5 0 0 0 13 5 0 0 1015331002
1 2139 64 0 0 90 0 0 0 0 0 1015287413
1 1326 4161 0 0 0 0 17 -15 18 1 1015314942
1 1315 0 0 9 1 7 0 0 0 0 1015314946
2 1605 4416 8 0 0 0 0 0 0 0 1015448312
2 2224 4096 9 0 0 0 12 5 0 0 1015448315
2 2223 4096 9 0 0 0 14 5 0 0 1015448314
2 16007 5121 2 0 0 0 18 -1 19 1 1015419810
2 1330 0 4 0 0 0 0 0 0 0 1015499356
2 14019 1 4 0 0 0 3 1 19 1 1015499170
1 9728 3 0 0 0 0 0 0 0 0 1015391905
2 9713 194 0 0 0 0 17 6 13 -30 1015499360
2 9712 1089 5 0 0 0 17 -3 13 5 1015499359
