  0   0   0
  1   1   1
  2   2   2
  3   3   3
  4   4   4
  5   5   5
  6   6   6
  7   7   7
  8   8  10
  9   9  11
 10   a  12
 11   b  13
 12   c  14
 13   d  15
 14   e  16
 15   f  17
 16  10  20
 17  11  21
 18  12  22
 19  13  23
 20  14  24
 21  15  25
 22  16  26
 23  17  27
 24  18  30
 25  19  31
 26  1a  32
 27  1b  33
 28  1c  34
 29  1d  35
 30  1e  36
 31  1f  37
 32  20  40
 33  21  41
 34  22  42
 35  23  43
 36  24  44
 37  25  45
 38  26  46
 39  27  47
 40  28  50
 41  29  51
 42  2a  52
 43  2b  53
 44  2c  54
 45  2d  55
 46  2e  56
 47  2f  57
 48  30  60
 49  31  61
 50  32  62
 51  33  63
 52  34  64
 53  35  65
 54  36  66
 55  37  67
 56  38  70
 57  39  71
 58  3a  72
 59  3b  73
 60  3c  74
 61  3d  75
 62  3e  76
 63  3f  77
 64  40 100
 65  41 101
 66  42 102
 67  43 103
 68  44 104
 69  45 105
 70  46 106
 71  47 107
 72  48 110
 73  49 111
 74  4a 112
 75  4b 113
 76  4c 114
 77  4d 115
 78  4e 116
 79  4f 117
 80  50 120
 81  51 121
 82  52 122
 83  53 123
 84  54 124
 85  55 125
 86  56 126
 87  57 127
 88  58 130
 89  59 131
 90  5a 132
 91  5b 133
 92  5c 134
 93  5d 135
 94  5e 136
 95  5f 137
 96  60 140
 97  61 141
 98  62 142
 99  63 143
100  64 144
101  65 145
102  66 146
103  67 147
104  68 150
105  69 151
106  6a 152
107  6b 153
108  6c 154
109  6d 155
110  6e 156
111  6f 157
112  70 160
113  71 161
114  72 162
115  73 163
116  74 164
117  75 165
118  76 166
119  77 167
120  78 170
121  79 171
122  7a 172
123  7b 173
124  7c 174
125  7d 175
126  7e 176
127  7f 177
128  80 200
129  81 201
130  82 202
131  83 203
132  84 204
133  85 205
134  86 206
135  87 207
136  88 210
137  89 211
138  8a 212
139  8b 213
140  8c 214
141  8d 215
142  8e 216
143  8f 217
144  90 220
145  91 221
146  92 222
147  93 223
148  94 224
149  95 225
150  96 226
151  97 227
152  98 230
153  99 231
154  9a 232
155  9b 233
156  9c 234
157  9d 235
158  9e 236
159  9f 237
160  a0 240
161  a1 241
162  a2 242
163  a3 243
164  a4 244
165  a5 245
166  a6 246
167  a7 247
168  a8 250
169  a9 251
170  aa 252
171  ab 253
172  ac 254
173  ad 255
174  ae 256
175  af 257
176  b0 260
177  b1 261
178  b2 262
179  b3 263
180  b4 264
181  b5 265
182  b6 266
183  b7 267
184  b8 270
185  b9 271
186  ba 272
187  bb 273
188  bc 274
189  bd 275
190  be 276
191  bf 277
192  c0 300
193  c1 301
194  c2 302
195  c3 303
196  c4 304
197  c5 305
198  c6 306
199  c7 307
200  c8 310
201  c9 311
202  ca 312
203  cb 313
204  cc 314
205  cd 315
206  ce 316
207  cf 317
208  d0 320
209  d1 321
210  d2 322
211  d3 323
212  d4 324
213  d5 325
214  d6 326
215  d7 327
216  d8 330
217  d9 331
218  da 332
219  db 333
220  dc 334
221  dd 335
222  de 336
223  df 337
224  e0 340
225  e1 341
226  e2 342
227  e3 343
228  e4 344
229  e5 345
230  e6 346
231  e7 347
232  e8 350
233  e9 351
234  ea 352
235  eb 353
236  ec 354
237  ed 355
238  ee 356
239  ef 357
240  f0 360
241  f1 361
242  f2 362
243  f3 363
244  f4 364
245  f5 365
246  f6 366
247  f7 367
248  f8 370
249  f9 371
250  fa 372
251  fb 373
252  fc 374
253  fd 375
254  fe 376
